5
s  0  0  5    1.5      0  255  0     255 255 255     10     1 0 0 0 0 1 0 0 0 0 1 3
t 25  5  8  -15  -7  8  -10  5  8      0   0 255     255 255 255     10     1 0 0 0 0 1 0 0 0 0 1 3
s  2  0  6    1.5    255  255  0     255 255 255     10     1 0 0 0 0 1 0 0 0 0 1 3
t  2  2  4   -1  -3  4   -4  2  4      255 0 255     255 255 255     10     1 0 0 0 0 1 0 0 0 0 1 3
s  4  0  7    1.5    255    0  0     255 255 255     10     1 0 0 0 0 1 0 0 0 0 1 3

0

2
-5  0 0   0.45 0.45 0.45     1 0 0 0 0 1 0 0 0 0 1 0
 5  0 0   0.45 0.45 0.45     1 0 0 0 0 1 0 0 0 0 1 0

1  1  1   0.5

2.74 0 800 0 2 600 0 0 1
--------------------------------------

0

1
o ArquivosOBJ/dead2.obj		255 0 0     255 255 255     10     1  0 0  0    0  1 0 90    0 0  1  150 

1
0  0 0   0.45 0.45 0.45     1 0 0 0 0 1 0 0 0 0 1 0
 
50  50  50   0.5

1 0 600 0 1.5 800 0 0 1

---------------------------------------

0

2
o ArquivosOBJ/cow.obj    255    0  0     255 255 255     10     -1  0 0  0.9    0  -1 0 -0.3    0 0  1 6
o ArquivosOBJ/cow.obj    255  255  0     255 255 255     10      1  0 0 -0.9    0  -1 0  0.3    0 0 -1 3

2
15  0 -5   0.45 0.45 0.45     1 0 0 0 0 1 0 0 0 0 1 0
-5  0 -5   0.35 0.35 0.35     1 0 0 0 0 1 0 0 0 0 1 0
 
1  1  1   0.5

1.09 0 300 0 0.6 150 0 0 1

----------------------------------------


0

1
o ArquivosOBJ/dragon.obj	255 165 0     255 255 255     10     1  0 0  -50    0  1 0 200    0 0  1  700

1
0  0 0   0.45 0.45 0.45     1 0 0 0 0 1 0 0 0 0 1 0
 
1  1  1   0.5

3.9 0 1124 0 0.8 300 0 0 1

-----------------------------------

0

1
o ArquivosOBJ/bat.obj	80 80 80     255 255 255     10     1  0 0  0    0  -1 0 0.1    0 0  -1  3 

1
0  0 -5   0.45 0.45 0.45     1 0 0 0 0 1 0 0 0 0 1 0
 
20  20  20   0.5

0.5 0 600 0 0.8 820 0 0 1
